-71.09598643571563 -48.33017915545752 -41.00071486623848
-64.91630406767675 -66.61282416077542 -70.10013468710176
-93.8795558318932 -91.48815367257977 -99.15638659057163
-65.21662226604263 -40.623183626790635 -68.65238780696797
-25.71333344512793 -25.30942637432028 -28.325569013801655
-26.1022691481151 -25.706105505718053 -64.1711314023088
-24.682350978072737 -24.066002420441134 -23.847367286784003
-23.111188857125477 -20.55448243002329 -21.817676653474635
-52.443523670923014 -54.66923087160319 -56.63683359883844
-29.827590748589174 -28.952898837002735 -59.956002492478255
-28.73542236251186 -30.678623875268272 -69.10138505126113
-64.8648416791093 -51.2595766703555 -82.7257341965336
-13.358178497357102 -11.450912777124095 -11.710000000000003
-9.21008 -9.883061015878114 -71.5427105425564
-9.874367417612891 -9.198521504111167 -9.218794337857094
-32.35105499258613 -31.232738382284392 -60.910959454328314
-8.4 -8.110000000000001 -63.30624
-7.057 -6.4 -11.954450972787189
-6.0 -6.0 -1.659624536806906
-6.0 -6.0 -5.3999999999999995
-5.3999999999999995 -5.3999999999999995 -4.8
-5.3999999999999995 -5.3999999999999995 0.0
-5.3999999999999995 -5.3999999999999995 0.0
-5.3999999999999995 -5.3999999999999995 -4.8
-4.8 0.0 0.0
-61.872 -2.4 0.0
-4.8 -2.4 0.0
-4.8 -2.1 -2.1
0.0 0.0 0.0
0.0 0.0 -2.4
0.0 0.0 -2.4
-2.1 0.0 0.0
-3.5999999999999996 -3.5999999999999996 0.0
-3.5999999999999996 -3.5999999999999996 -60.931322879999996
-3.5999999999999996 -3.5999999999999996 0.0
-3.5999999999999996 -3.5999999999999996 0.0
-3.5999999999999996 -3.0 -61.114041370976146
-4.2 -3.0 -3.5999999999999996
-3.0 -3.0 0.0
-3.0 -3.0 -2.203317523306585
-2.4 -2.976 -30.7119
-3.5519999999999996 -3.36 -4.92
-4.08 -3.4379178196992 -61.16455558920599
-4.8525850687802805 -4.810133660937569 -5.2818703576104795
-5.29125381521318 -5.521022456886678 -60.59774976
-4.4966532096 -4.682554519422154 -45.18888345599999
-4.178852665786368 -4.327033340020654 -3.8253592785126287
-62.5874561138688 -5.670979368057479 -60.431999999999995
-3.333333217458443 -3.333333144911026 -4.556574870608733
-45.009389885274935 -3.6333332476474265 -60.843955199999996
-3.9063332396968606 -3.633333242100159 -60.6048
-3.696333225398326 -62.45447897470357 -44.266628266721284
-0.6 -0.6 70.8
-0.6 -0.6 -1.9968506645146133
-0.84 59.2905737822208 -0.6
-0.6 -0.6 279.118187658649
-6.0 -6.0 -5.3999999999999995
-6.0 -6.0 0.0
-6.0 -6.0 0.0
-6.0 -6.0 -64.569956078591
-4.8 -4.8 0.0
-4.8 -4.8 0.0
-4.8 -4.8 -38.610150121910074
-5.789999999999999 -5.16 -64.80704868787741
-3.4379999999999997 -3.4379999999999997 -3.3899999999999997
-3.0599999999999996 -1.7999999999999998 0.0
-1.7999999999999998 -1.7999999999999998 -30.378
-3.0599999999999996 -3.4379999999999997 -30.0
-9.52248 -9.264882672030495 -65.0006831420888
-8.433408 -9.520442704349312 -8.98048219948458
-9.13332474467396 -9.6789266598 -13.027399409304593
-9.732000000000001 -10.35056826720305 -9.816039178000002
-4.939900000000001 -4.840000000000001 -24.770341815464924
-4.2 -4.2 -2.9280000000000004
-4.2 -4.2 -71.79592627281268
-6.370000000000001 -6.694450000000002 -59.82502453122354
-3.0 -3.0 0.0
-3.0 -3.0 0.0
-3.0 -3.0 0.0
-3.0 -3.0 -2.8374304
-2.4 -2.4 0.0
-2.4 -2.4 0.0
-2.4 -2.4 -13.506960380346541
-3.174304 -3.1919999999999997 -3.43776
-2.952 -2.952 -2.490624
-1.7999999999999998 -1.7999999999999998 0.0
-1.7999999999999998 -1.7999999999999998 -61.13433635546821
-61.151999999999994 -2.952 -64.0759820402688
-1.2 -1.2 -1.19904
-1.2 -1.2 0.0
-1.2 -1.2 -1.7999999999999998
-1.2 -1.2 0.0
-0.84 -0.84 42.36
-0.6 -0.6 -60.61056
-0.6 -0.6 -1.2
-0.6 -0.6 179.67744
